
MAE: 134.5505617977528
MSE: 31192.43820224719
RMSE: 176.61381090460392
R_2 Score: 0.03277800460816205
Adjusted R_2 Score: -0.00894529715383885
