
MAE: 141.31375106958998
MSE: 32249.512884175685
RMSE: 179.58149371295386
R_2 Score: 0.0
Adjusted R_2 Score: -0.04313725490196085
